             0  1  2  3  4  5  6  7  8  9  a  b  c  d  e  f
         0: ff fe 00 00 30 00 00 00 31 00 00 00 32 00 00 00 :     0   1   2   
        10: 33 00 00 00 34 00 00 00 35 00 00 00 36 00 00 00 : 3   4   5   6   
        20: 37 00 00 00 38 00 00 00 39 00 00 00 3a 00 00 00 : 7   8   9   :   
        30: 3b 00 00 00 3c 00 00 00 3d 00 00 00 3e 00 00 00 : ;   <   =   >   
        40: 3f 00 00 00 60 00 00 00 61 00 00 00 62 00 00 00 : ?   `   a   b   
        50: 63 00 00 00 64 00 00 00 65 00 00 00 66 00 00 00 : c   d   e   f   
        60: 67 00 00 00 68 00 00 00 69 00 00 00 6a 00 00 00 : g   h   i   j   
        70: 6b 00 00 00 6c 00 00 00 6d 00 00 00 6e 00 00 00 : k   l   m   n   
        80: 6f 00 00 00 70 00 00 00 71 00 00 00 72 00 00 00 : o   p   q   r   
        90: 73 00 00 00 74 00 00 00 75 00 00 00 76 00 00 00 : s   t   u   v   
        a0: 77 00 00 00 78 00 00 00 79 00 00 00 7a 00 00 00 : w   x   y   z   
        b0: 7b 00 00 00 7c 00 00 00 7d 00 00 00 7e 00 00 00 : {   |   }   ~   
        c0: 7f 00 00 00 30 04 00 00 31 04 00 00 32 04 00 00 :     0   1   2   
        d0: 33 04 00 00 34 04 00 00 35 04 00 00 36 04 00 00 : 3   4   5   6   
        e0: 37 04 00 00 38 04 00 00 39 04 00 00 3a 04 00 00 : 7   8   9   :   
        f0: 3b 04 00 00 3c 04 00 00 3d 04 00 00 3e 04 00 00 : ;   <   =   >   
             0  1  2  3  4  5  6  7  8  9  a  b  c  d  e  f
       100: 3f 04 00 00 40 04 00 00 41 04 00 00 42 04 00 00 : ?   @   A   B   
       110: 43 04 00 00 44 04 00 00 45 04 00 00 46 04 00 00 : C   D   E   F   
       120: 47 04 00 00 48 04 00 00 49 04 00 00 4a 04 00 00 : G   H   I   J   
       130: 4b 04 00 00 4c 04 00 00 4d 04 00 00 4e 04 00 00 : K   L   M   N   
       140: 4f 04 00 00 41 30 00 00 42 30 00 00 43 30 00 00 : O   A0  B0  C0  
       150: 44 30 00 00 45 30 00 00 46 30 00 00 47 30 00 00 : D0  E0  F0  G0  
       160: 48 30 00 00 49 30 00 00 4a 30 00 00 4b 30 00 00 : H0  I0  J0  K0  
       170: 4c 30 00 00 4d 30 00 00 4e 30 00 00 4f 30 00 00 : L0  M0  N0  O0  
       180: 50 30 00 00 51 30 00 00 52 30 00 00 53 30 00 00 : P0  Q0  R0  S0  
       190: 54 30 00 00 55 30 00 00 56 30 00 00 57 30 00 00 : T0  U0  V0  W0  
       1a0: 58 30 00 00 59 30 00 00 5a 30 00 00 5b 30 00 00 : X0  Y0  Z0  [0  
       1b0: 5c 30 00 00 5d 30 00 00 5e 30 00 00 5f 30 00 00 : \0  ]0  ^0  _0  
       1c0: 60 30 00 00 61 30 00 00 62 30 00 00 63 30 00 00 : `0  a0  b0  c0  
       1d0: 64 30 00 00 65 30 00 00 66 30 00 00 67 30 00 00 : d0  e0  f0  g0  
       1e0: 68 30 00 00 69 30 00 00 6a 30 00 00 6b 30 00 00 : h0  i0  j0  k0  
       1f0: 6c 30 00 00 6d 30 00 00 6e 30 00 00 6f 30 00 00 : l0  m0  n0  o0  
             0  1  2  3  4  5  6  7  8  9  a  b  c  d  e  f
       200: 70 30 00 00 71 30 00 00 72 30 00 00 73 30 00 00 : p0  q0  r0  s0  
       210: 74 30 00 00 75 30 00 00 76 30 00 00 77 30 00 00 : t0  u0  v0  w0  
       220: 78 30 00 00 79 30 00 00 7a 30 00 00 7b 30 00 00 : x0  y0  z0  {0  
       230: 7c 30 00 00 7d 30 00 00 7e 30 00 00 7f 30 00 00 : |0  }0  ~0   0  
       240: 80 30 00 00 81 30 00 00 82 30 00 00 83 30 00 00 :  0   0   0   0  
       250: 84 30 00 00 85 30 00 00 86 30 00 00 87 30 00 00 :  0   0   0   0  
       260: 88 30 00 00 89 30 00 00 8a 30 00 00 8b 30 00 00 :  0   0   0   0  
       270: 8c 30 00 00 8d 30 00 00 8e 30 00 00 8f 30 00 00 :  0   0   0   0  
       280: 90 30 00 00 91 30 00 00 92 30 00 00 93 30 00 00 :  0   0   0   0  
       290: 94 30 00 00 00 d8 00 00 ef dd 00 00 ff ff 20 00 :  0              
       2a0: 68 00 00 00 65 00 00 00 6c 00 00 00 6c 00 00 00 : h   e   l   l   
       2b0: 6f 00 00 00 20 00 00 00 77 00 00 00 6f 00 00 00 : o       w   o   
       2c0: 72 00 00 00 6c 00 00 00 64 00 00 00 1e f3 01 00 : r   l   d       
